0      0
1      0
2      0
3      0
4      0
5      0
6      0
7      0
8      0
9      0
10     0
11     0
12     0
13     0
14     0
15     0
16     1
17     0
18     5
19     0
20     0
21     0
22     0
23     0
24     0
25     0
26     0
27     0
28     0
29     0
      ..
193    0
194    0
195    0
196    9
197    0
198    0
199    0
200    0
201    0
202    0
203    0
204    0
205    0
206    0
207    0
208    1
209    0
210    0
211    0
212    0
213    0
214    0
215    0
216    0
217    0
218    0
219    1
220    0
221    2
222    0
Name: DEATHS_DIRECT, Length: 223, dtype: int64
0      0
1      0
2      0
3      0
4      0
5      0
6      0
7      0
8      0
9      0
10     0
11     0
12     0
13     0
14     0
15     0
16     0
17     0
18     0
19     0
20     0
21     0
22     0
23     0
24     0
25     0
26     0
27     0
28     0
29     0
      ..
193    0
194    0
195    0
196    0
197    0
198    0
199    0
200    0
201    0
202    0
203    0
204    0
205    0
206    0
207    0
208    0
209    0
210    0
211    0
212    0
213    0
214    0
215    0
216    0
217    0
218    0
219    0
220    0
221    0
222    0
Name: DEATHS_INDIRECT, Length: 223, dtype: int64
