0      35.12
1      31.90
2      40.58
3      40.60
4      41.63
5      40.22
6      40.20
7      40.27
8      35.00
9      34.83
10     36.73
11     40.18
12     35.55
13     34.85
14     35.82
15     36.13
16     34.88
17     35.00
18     35.08
19     34.55
20     35.58
21     35.25
22     36.57
23     36.30
24     36.00
25     36.12
26     32.30
27     32.30
28     33.67
29     34.73
 
193    39.30
194    38.70
195    35.35
196    35.75
197    35.68
198    32.63
199    30.92
200    30.10
201    31.70
202    31.95
203    31.55
204    31.75
205    31.38
206    31.67
207    31.72
208    31.55
209    31.15
210    32.10
211    31.67
212    37.68
213    39.93
214    38.47
215    39.82
216    41.95
217    41.08
218    38.97
219    39.00
220    38.75
221    38.80
222    38.17
Name: BEGIN_LAT, Length: 223, dtype: float64
0      -99.20
1      -98.60
2      -75.70
3      -76.75
4      -79.68
5      -75.00
6      -76.12
7      -76.07
8      -96.25
9      -95.85
10    -102.52
11     -98.03
12     -97.60
13     -95.75
14     -97.02
15     -95.83
16     -99.28
17     -99.20
18     -96.40
19     -96.20
20     -99.17
21     -99.55
22     -99.57
23     -99.80
24     -97.00
25     -97.83
26     -90.12
27     -90.17
28     -88.78
29     -88.27
 
193    -96.92
194    -97.08
195    -89.77
196    -89.48
197    -85.77
198    -91.28
199    -91.13
200    -90.03
201    -93.30
202    -92.63
203    -92.90
204    -92.25
205    -91.73
206    -92.90
207    -92.83
208    -91.97
209    -91.95
210    -93.90
211    -93.70
212    -95.52
213   -101.00
214   -100.88
215    -96.80
216    -89.77
217    -88.43
218    -90.05
219    -89.92
220    -89.67
221    -89.60
222    -89.78
Name: BEGIN_LON, Length: 223, dtype: float64
0      35.17
1      31.73
2      40.65
3        NaN
4        NaN
5        NaN
6      40.27
7      40.40
8      35.07
9        NaN
10     36.88
11     40.20
12       NaN
13       NaN
14       NaN
15       NaN
16     35.00
17     35.12
18     35.13
19       NaN
20       NaN
21     35.32
22       NaN
23       NaN
24       NaN
25     36.17
26     32.98
27     32.48
28     33.72
29       NaN
 
193      NaN
194      NaN
195      NaN
196      NaN
197      NaN
198    32.73
199      NaN
200      NaN
201      NaN
202    32.05
203    31.57
204      NaN
205      NaN
206    31.72
207    32.00
208      NaN
209      NaN
210      NaN
211      NaN
212      NaN
213      NaN
214      NaN
215      NaN
216      NaN
217      NaN
218    39.00
219    39.07
220    38.80
221    38.90
222    38.22
Name: END_LAT, Length: 223, dtype: float64
0      35.17
1      31.73
2      40.65
3        NaN
4        NaN
5        NaN
6      40.27
7      40.40
8      35.07
9        NaN
10     36.88
11     40.20
12       NaN
13       NaN
14       NaN
15       NaN
16     35.00
17     35.12
18     35.13
19       NaN
20       NaN
21     35.32
22       NaN
23       NaN
24       NaN
25     36.17
26     32.98
27     32.48
28     33.72
29       NaN
 
193      NaN
194      NaN
195      NaN
196      NaN
197      NaN
198    32.73
199      NaN
200      NaN
201      NaN
202    32.05
203    31.57
204      NaN
205      NaN
206    31.72
207    32.00
208      NaN
209      NaN
210      NaN
211      NaN
212      NaN
213      NaN
214      NaN
215      NaN
216      NaN
217      NaN
218    39.00
219    39.07
220    38.80
221    38.90
222    38.22
Name: END_LAT, Length: 223, dtype: float64
